Time, Position, Velocity, Iq, Uq, Vsupply
-0.0, 621.24683, 50.6725, 0.14355, 1.0, 0.49261
0.001, 621.30432, 50.6725, 0.08105, 1.0, 0.49255
0.002, 621.35553, 51.03043, 0.05762, 1.0, 0.49261
0.003, 621.39917, 51.13269, 0.06738, 1.0, 0.49261
0.004, 621.45105, 51.18383, 0.07129, 1.0, 0.49255
0.005, 621.50067, 50.97929, 0.0625, 1.0, 0.49268
0.006, 621.55096, 50.6725, 0.0752, 1.0, 0.49268
0.007, 621.6015, 50.57023, 0.13379, 1.0, 0.49261
0.008, 621.6521, 50.3657, 0.10352, 1.0, 0.49261
0.009, 621.70453, 50.72363, 0.11133, 1.0, 0.49261
0.01, 621.75421, 50.8259, 0.12109, 1.0, 0.49261
0.011, 621.80511, 50.87703, 0.1123, 1.0, 0.49261
0.0125, 621.87482, 50.87703, 0.06641, 1.0, 0.49261
0.013, 621.9433, 50.87703, 0.08398, 1.0, 0.49255
0.014, 621.96368, 50.87703, 0.0791, 1.0, 0.49261
0.015, 622.02655, 50.87703, 0.05859, 1.0, 0.49255
0.016, 622.06329, 50.87703, 0.0625, 1.0, 0.49261
0.017, 622.11639, 50.8259, 0.11816, 1.0, 0.49255
0.018, 622.1654, 50.62137, 0.11816, 1.0, 0.49261
0.019, 622.21063, 50.3657, 0.125, 1.0, 0.49261
0.02, 622.26306, 50.46797, 0.09961, 1.0, 0.49255
0.021, 622.31244, 50.77476, 0.12988, 1.0, 0.49261
0.022, 622.36365, 50.8259, 0.07324, 1.0, 0.49255
0.023, 622.41486, 51.08156, 0.05957, 1.0, 0.49261
0.024, 622.4657, 51.13269, 0.08203, 1.0, 0.49261
0.025, 622.5166, 50.97929, 0.04492, 1.0, 0.49261
0.026, 622.5672, 50.87703, 0.06055, 1.0, 0.49261
0.027, 622.61743, 50.46797, 0.08301, 1.0, 0.49255
0.028, 622.66772, 50.31457, 0.125, 1.0, 0.49255
0.029, 622.73242, 50.5191, 0.12598, 1.0, 0.49261
0.03, 622.77734, 50.57023, 0.10059, 1.0, 0.49261
0.031, 622.83423, 50.87703, 0.13965, 1.0, 0.49261
0.032, 622.87634, 50.6725, 0.08887, 1.0, 0.49261
0.033, 622.92438, 50.8259, 0.06543, 1.0, 0.49261
0.034, 622.97778, 50.8259, 0.07715, 1.0, 0.49255
0.035, 623.0249, 50.62137, 0.05762, 1.0, 0.49261
0.036, 623.07458, 50.77476, 0.05469, 1.0, 0.49261
0.037, 623.1264, 50.8259, 0.0625, 1.0, 0.49261
0.038, 623.17541, 50.87703, 0.13867, 1.0, 0.49268
0.039, 623.22565, 50.2123, 0.11816, 1.0, 0.49255
0.04, 623.27753, 50.46797, 0.12012, 1.0, 0.49261
0.041, 623.32684, 50.31457, 0.12402, 1.0, 0.49261
0.042, 623.37775, 50.46797, 0.11426, 1.0, 0.49261
0.043, 623.42895, 50.97929, 0.07227, 1.0, 0.49261
0.044, 623.48016, 50.92816, 0.05664, 1.0, 0.49261
0.045, 623.53577, 51.08156, 0.0791, 1.0, 0.49261
0.046, 623.60266, 50.6725, 0.06152, 1.0, 0.49261
0.047, 623.6391, 50.57023, 0.06152, 1.0, 0.49268
0.048, 623.68909, 50.31457, 0.12695, 1.0, 0.49261
0.049, 623.73962, 50.31457, 0.10547, 1.0, 0.49261
0.05, 623.78394, 50.46797, 0.12012, 1.0, 0.49261
0.051, 623.84143, 50.57023, 0.11426, 1.0, 0.49261
0.052, 623.88696, 50.77476, 0.1377, 1.0, 0.49261
0.053, 623.93628, 50.62137, 0.0791, 1.0, 0.49261
0.054, 623.99316, 50.57023, 0.06152, 1.0, 0.49261
0.055, 624.03619, 50.57023, 0.08105, 1.0, 0.49261
0.056, 624.08838, 50.57023, 0.04492, 1.0, 0.49261
0.057, 624.14551, 50.97929, 0.05664, 1.0, 0.49261
0.058, 624.1886, 50.6725, 0.09473, 1.0, 0.49261
0.059, 624.23853, 50.57023, 0.1377, 1.0, 0.49261
0.06, 624.28882, 50.16117, 0.11816, 1.0, 0.49261
0.061, 624.33936, 50.2123, 0.10254, 1.0, 0.49261
0.062, 624.40002, 50.46797, 0.1377, 1.0, 0.49261
0.063, 624.45752, 50.62137, 0.06934, 1.0, 0.49261
0.064, 624.49548, 50.77476, 0.06641, 1.0, 0.49261
0.065, 624.55145, 50.8259, 0.08398, 1.0, 0.49261
0.066, 624.59698, 50.87703, 0.07227, 1.0, 0.49255
0.067, 624.64722, 50.62137, 0.07324, 1.0, 0.49261
0.068, 624.6991, 50.57023, 0.07812, 1.0, 0.49261
0.069, 624.74402, 50.3657, 0.13965, 1.0, 0.49255
0.07, 624.79614, 50.05891, 0.09863, 1.0, 0.49255
0.071, 624.84546, 50.62137, 0.10645, 1.0, 0.49261
0.072, 624.89667, 50.77476, 0.11816, 1.0, 0.49261
0.073, 624.94727, 50.8259, 0.10645, 1.0, 0.49255
0.074, 624.99786, 50.6725, 0.07324, 1.0, 0.49268
0.075, 625.0484, 50.57023, 0.06055, 1.0, 0.49261
0.076, 625.099, 50.57023, 0.08496, 1.0, 0.49261
0.077, 625.1499, 50.57023, 0.0498, 1.0, 0.49255
0.078, 625.2005, 50.97929, 0.06543, 1.0, 0.49261
0.079, 625.26739, 50.57023, 0.13672, 1.0, 0.49261
0.08, 625.3092, 50.3657, 0.1123, 1.0, 0.49261
0.081, 625.35913, 50.46797, 0.12598, 1.0, 0.49261
0.082, 625.40717, 50.11004, 0.11426, 1.0, 0.49261
0.083, 625.45398, 50.41684, 0.13965, 1.0, 0.49261
0.084, 625.51147, 50.57023, 0.06641, 1.0, 0.49261
0.085, 625.55609, 50.97929, 0.05273, 1.0, 0.49255
0.086, 625.60577, 50.92816, 0.08008, 1.0, 0.49261
0.087, 625.65631, 50.87703, 0.05371, 1.0, 0.49261
0.088, 625.7066, 50.6725, 0.06348, 1.0, 0.49255
0.089, 625.75684, 50.3657, 0.0957, 1.0, 0.49255
0.09, 625.80835, 50.46797, 0.13672, 1.0, 0.49261
0.091, 625.85803, 50.11004, 0.11816, 1.0, 0.49261
0.092, 625.90894, 50.62137, 0.10059, 1.0, 0.49261
0.093, 625.95947, 50.77476, 0.15137, 1.0, 0.49261
0.094, 626.01007, 50.62137, 0.09277, 1.0, 0.49261
0.095, 626.07355, 50.77476, 0.06152, 1.0, 0.49255
0.0961, 626.14325, 50.57023, 0.08398, 1.0, 0.49255
0.097, 626.17249, 50.62137, 0.05371, 1.0, 0.49255
0.098, 626.22339, 50.77476, 0.06836, 1.0, 0.49255
0.099, 626.26892, 50.8259, 0.0791, 1.0, 0.49255
0.1, 626.31415, 50.62137, 0.14648, 1.0, 0.49255
0.101, 626.36945, 50.3657, 0.11621, 1.0, 0.49261
0.102, 626.41626, 50.46797, 0.1123, 1.0, 0.49255
0.103, 626.46558, 50.31457, 0.12891, 1.0, 0.49261
0.104, 626.51648, 50.6725, 0.10645, 1.0, 0.49261
0.105, 626.56769, 50.8259, 0.0752, 1.0, 0.49255
0.106, 626.61987, 50.87703, 0.05273, 1.0, 0.49261
0.107, 626.66949, 51.08156, 0.08398, 1.0, 0.49255
0.108, 626.7204, 50.72363, 0.04785, 1.0, 0.49261
0.109, 626.77191, 50.8259, 0.06445, 1.0, 0.49255
0.11, 626.82092, 50.41684, 0.11328, 1.0, 0.49255
0.111, 626.87152, 50.31457, 0.12012, 1.0, 0.49255
0.112, 626.93744, 50.57023, 0.11328, 1.0, 0.49255
0.113, 626.9975, 50.92816, 0.13965, 1.0, 0.49261
0.114, 627.02917, 51.03043, 0.12598, 1.0, 0.49255
0.115, 627.08258, 50.72363, 0.06934, 1.0, 0.49261
0.116, 627.12976, 50.8259, 0.05469, 1.0, 0.49255
0.117, 627.18158, 50.8259, 0.08203, 1.0, 0.49255
0.118, 627.23151, 50.62137, 0.04395, 1.0, 0.49255
0.119, 627.27832, 51.03043, 0.06445, 1.0, 0.49255
0.12, 627.32922, 50.92816, 0.08496, 1.0, 0.49261
0.121, 627.37952, 50.87703, 0.12598, 1.0, 0.49261
0.122, 627.43005, 50.2123, 0.11523, 1.0, 0.49255
0.123, 627.48065, 50.46797, 0.09961, 1.0, 0.49255
0.124, 627.53125, 50.72363, 0.13965, 1.0, 0.49261
0.125, 627.58246, 50.62137, 0.08105, 1.0, 0.49255
0.126, 627.63489, 51.03043, 0.06641, 1.0, 0.49255
0.127, 627.6861, 50.92816, 0.07129, 1.0, 0.49255
0.128, 627.73541, 51.08156, 0.07422, 1.0, 0.49255
0.129, 627.80646, 50.8259, 0.06738, 1.0, 0.49261
0.13, 627.8457, 50.6725, 0.08789, 1.0, 0.49255
0.131, 627.89471, 50.57023, 0.13477, 1.0, 0.49255
0.132, 627.94434, 50.3657, 0.10742, 1.0, 0.49255
0.133, 627.99652, 50.72363, 0.10059, 1.0, 0.49255
0.134, 628.04364, 50.8259, 0.12891, 1.0, 0.49255
0.135, 628.09167, 50.87703, 0.11035, 1.0, 0.49249
0.136, 628.1413, 50.87703, 0.06934, 1.0, 0.49261
0.137, 628.19226, 50.6725, 0.05176, 1.0, 0.49249
0.138, 628.2431, 50.77476, 0.08105, 1.0, 0.49255
0.139, 628.29431, 50.8259, 0.04199, 1.0, 0.49261
0.14, 628.34491, 51.08156, 0.05859, 1.0, 0.49255
0.141, 628.39551, 50.92816, 0.11914, 1.0, 0.49261
0.142, 628.44611, 50.6725, 0.12598, 1.0, 0.49255
0.143, 628.49634, 50.3657, 0.12598, 1.0, 0.49268
0.144, 628.54724, 50.26344, 0.1123, 1.0, 0.49255
0.145, 628.60693, 50.72363, 0.11328, 1.0, 0.49255
0.146, 628.6745, 50.97929, 0.06641, 1.0, 0.49261
0.147, 628.70685, 51.08156, 0.05566, 1.0, 0.49261
0.148, 628.76526, 51.08156, 0.08008, 1.0, 0.49261
0.149, 628.80859, 50.92816, 0.04395, 1.0, 0.49255
0.15, 628.85388, 50.87703, 0.06738, 1.0, 0.49261
0.151, 628.90662, 50.41684, 0.0918, 1.0, 0.49261
0.152, 628.95972, 50.5191, 0.11816, 1.0, 0.49255
0.153, 629.00433, 50.31457, 0.11035, 1.0, 0.49268
0.154, 629.05524, 50.6725, 0.10254, 1.0, 0.49255
0.155, 629.10583, 50.8259, 0.14746, 1.0, 0.49255
0.156, 629.15668, 50.62137, 0.09277, 1.0, 0.49255
0.157, 629.20728, 50.77476, 0.0625, 1.0, 0.49261
0.158, 629.25818, 50.62137, 0.06934, 1.0, 0.49255
0.159, 629.3103, 50.77476, 0.0625, 1.0, 0.49255
0.16, 629.35999, 51.08156, 0.05859, 1.0, 0.49255
0.161, 629.41089, 50.92816, 0.06641, 1.0, 0.49255
0.162, 629.4762, 50.57023, 0.13184, 1.0, 0.49261
0.163, 629.52899, 50.41684, 0.11621, 1.0, 0.49261
0.164, 629.56573, 50.5191, 0.10059, 1.0, 0.49255
0.165, 629.62012, 50.5191, 0.14355, 1.0, 0.49255
0.166, 629.67004, 50.57023, 0.0957, 1.0, 0.49261
0.167, 629.71844, 50.77476, 0.06641, 1.0, 0.49261
0.168, 629.76965, 50.8259, 0.06445, 1.0, 0.49255
0.169, 629.81769, 51.08156, 0.0791, 1.0, 0.49255
0.17, 629.87488, 50.72363, 0.06445, 1.0, 0.49255
0.171, 629.9173, 50.8259, 0.06934, 1.0, 0.49255
0.172, 629.96881, 50.2123, 0.12598, 1.0, 0.49261
0.173, 630.01813, 50.2123, 0.12305, 1.0, 0.49255
0.174, 630.06873, 50.46797, 0.12012, 1.0, 0.49261
0.175, 630.12115, 50.72363, 0.10156, 1.0, 0.49261
0.176, 630.17047, 50.8259, 0.12695, 1.0, 0.49255
0.177, 630.22107, 50.62137, 0.07324, 1.0, 0.49261
0.178, 630.27289, 50.77476, 0.05176, 1.0, 0.49255
0.179, 630.33765, 50.62137, 0.0791, 1.0, 0.49255
0.18, 630.3797, 50.57023, 0.04102, 1.0, 0.49255
0.181, 630.4328, 50.77476, 0.05371, 1.0, 0.49255
0.182, 630.48212, 50.62137, 0.1084, 1.0, 0.49255
0.183, 630.52704, 50.57023, 0.12793, 1.0, 0.49255
0.184, 630.58362, 50.11004, 0.13184, 1.0, 0.49255
0.185, 630.63293, 50.2123, 0.1084, 1.0, 0.49255
0.186, 630.67566, 50.41684, 0.14453, 1.0, 0.49255
0.187, 630.72687, 50.5191, 0.08789, 1.0, 0.49255
0.188, 630.77777, 50.77476, 0.06738, 1.0, 0.49255
0.189, 630.82867, 51.03043, 0.07031, 1.0, 0.49255
0.19, 630.87921, 50.92816, 0.06152, 1.0, 0.49261
0.191, 630.93079, 50.6725, 0.0625, 1.0, 0.49255
0.192, 630.9798, 50.3657, 0.07129, 1.0, 0.49255
0.193, 631.02972, 50.26344, 0.14844, 1.0, 0.49255
0.194, 631.08154, 50.05891, 0.10938, 1.0, 0.49255
0.195, 631.13623, 50.41684, 0.10547, 1.0, 0.49261
0.196, 631.211, 50.6725, 0.13965, 1.0, 0.49255
0.197, 631.23517, 50.62137, 0.11328, 1.0, 0.49255
0.198, 631.29584, 50.57023, 0.0752, 1.0, 0.49255
0.199, 631.33887, 50.57023, 0.06055, 1.0, 0.49261
0.2, 631.3869, 50.57023, 0.07129, 1.0, 0.49255
0.201, 631.44159, 50.57023, 0.04883, 1.0, 0.49255
0.202, 631.48712, 50.77476, 0.05859, 1.0, 0.49255
0.203, 631.53613, 50.62137, 0.12207, 1.0, 0.49261
0.204, 631.58765, 50.3657, 0.12598, 1.0, 0.49249
0.205, 631.63666, 50.26344, 0.13086, 1.0, 0.49255
0.206, 631.68726, 50.26344, 0.1123, 1.0, 0.49255
0.207, 631.73907, 50.46797, 0.12793, 1.0, 0.49255
0.208, 631.78876, 50.5191, 0.06934, 1.0, 0.49255
0.209, 631.8396, 50.97929, 0.05957, 1.0, 0.49255
0.21, 631.89178, 50.92816, 0.08008, 1.0, 0.49255
0.211, 631.9411, 50.6725, 0.0459, 1.0, 0.49249
0.212, 632.01306, 50.62137, 0.06641, 1.0, 0.49255
0.213, 632.05829, 50.46797, 0.10742, 1.0, 0.49255
0.214, 632.09601, 50.5191, 0.12109, 1.0, 0.49255
0.215, 632.15692, 50.3657, 0.12402, 1.0, 0.49255
0.216, 632.19653, 50.46797, 0.10156, 1.0, 0.49255
0.217, 632.24835, 50.77476, 0.15137, 1.0, 0.49255
0.218, 632.30176, 50.62137, 0.08496, 1.0, 0.49255
0.219, 632.34729, 50.77476, 0.0625, 1.0, 0.49249
0.22, 632.39661, 50.62137, 0.06445, 1.0, 0.49255
0.221, 632.44879, 50.77476, 0.05859, 1.0, 0.49261
0.222, 632.49969, 50.8259, 0.0625, 1.0, 0.49255
0.223, 632.5553, 50.6725, 0.0791, 1.0, 0.49255
0.224, 632.60052, 50.77476, 0.14258, 1.0, 0.49255
0.225, 632.65112, 50.2123, 0.12109, 1.0, 0.49255
0.226, 632.70013, 50.41684, 0.1123, 1.0, 0.49255
0.227, 632.75067, 50.31457, 0.11914, 1.0, 0.49255
0.228, 632.80157, 50.6725, 0.10352, 1.0, 0.49261
0.229, 632.87067, 50.8259, 0.06152, 1.0, 0.49255
0.23, 632.91406, 50.87703, 0.07031, 1.0, 0.49255
0.231, 632.96338, 51.08156, 0.0752, 1.0, 0.49261
0.232, 633.013, 50.87703, 0.05762, 1.0, 0.49255
0.233, 633.05823, 50.6725, 0.06543, 1.0, 0.49261
0.234, 633.11102, 50.3657, 0.11621, 1.0, 0.49255
0.235, 633.15655, 50.26344, 0.12109, 1.0, 0.49255
0.236, 633.20843, 50.46797, 0.125, 1.0, 0.49255
0.237, 633.25836, 50.72363, 0.10742, 1.0, 0.49255
0.238, 633.30896, 50.8259, 0.13672, 1.0, 0.49255
0.239, 633.35986, 50.62137, 0.07324, 1.0, 0.49255
0.24, 633.4104, 50.77476, 0.05469, 1.0, 0.49255
0.241, 633.46259, 50.8259, 0.08691, 1.0, 0.49249
0.242, 633.51379, 50.87703, 0.04785, 1.0, 0.49255
0.243, 633.56342, 51.08156, 0.06152, 1.0, 0.49255
0.244, 633.61401, 50.72363, 0.09473, 1.0, 0.49255
0.245, 633.66931, 50.8259, 0.12988, 1.0, 0.49255
0.246, 633.74249, 50.31457, 0.11328, 1.0, 0.49255
0.247, 633.77173, 50.31457, 0.10059, 1.0, 0.49255
0.248, 633.82635, 50.6725, 0.13574, 1.0, 0.49255
0.249, 633.87256, 50.62137, 0.07422, 1.0, 0.49249
0.25, 633.9184, 50.97929, 0.06152, 1.0, 0.49255
0.251, 633.97589, 51.13269, 0.07812, 1.0, 0.49249
0.252, 634.02179, 51.18383, 0.05566, 1.0, 0.49255
0.253, 634.07111, 50.77476, 0.07031, 1.0, 0.49249
0.254, 634.12262, 50.62137, 0.08398, 1.0, 0.49255
0.255, 634.17194, 50.57023, 0.13867, 1.0, 0.49255
0.256, 634.22284, 50.3657, 0.10938, 1.0, 0.49255
0.257, 634.27344, 50.72363, 0.10547, 1.0, 0.49249
0.258, 634.32587, 50.8259, 0.13281, 1.0, 0.49261
0.259, 634.37518, 50.87703, 0.10449, 1.0, 0.49255
0.26, 634.42609, 50.87703, 0.06738, 1.0, 0.49255
0.261, 634.47699, 50.6725, 0.05664, 1.0, 0.49255
0.2624, 634.54327, 50.97929, 0.05664, 1.0, 0.49255
0.263, 634.61084, 51.03043, 0.05176, 1.0, 0.49249
0.264, 634.63251, 51.08156, 0.0625, 1.0, 0.49255
0.265, 634.68939, 50.87703, 0.12988, 1.0, 0.49249
0.266, 634.73492, 50.41684, 0.11523, 1.0, 0.49255
0.267, 634.78394, 50.31457, 0.12012, 1.0, 0.49255
0.268, 634.83734, 50.46797, 0.11719, 1.0, 0.49255
0.269, 634.88287, 50.72363, 0.13281, 1.0, 0.49255
0.27, 634.93567, 50.8259, 0.06348, 1.0, 0.49255
0.271, 634.99316, 51.08156, 0.05566, 1.0, 0.49249
0.272, 635.0365, 51.13269, 0.07422, 1.0, 0.49249
0.273, 635.08838, 50.97929, 0.04688, 1.0, 0.49255
0.274, 635.13892, 50.87703, 0.06641, 1.0, 0.49255
0.275, 635.18829, 50.46797, 0.09277, 1.0, 0.49255
0.276, 635.23981, 50.5191, 0.12695, 1.0, 0.49249
0.277, 635.28912, 50.31457, 0.11914, 1.0, 0.49249
0.278, 635.34033, 50.6725, 0.09668, 1.0, 0.49255
0.279, 635.40881, 50.72363, 0.13379, 1.0, 0.49255
0.28, 635.44934, 50.6725, 0.08789, 1.0, 0.49255
0.281, 635.50653, 50.92816, 0.05566, 1.0, 0.49255
0.282, 635.55078, 50.72363, 0.07715, 1.0, 0.49255
0.283, 635.5954, 50.8259, 0.05566, 1.0, 0.49249
0.284, 635.65137, 50.8259, 0.06445, 1.0, 0.49255
0.285, 635.6972, 50.62137, 0.07324, 1.0, 0.49255
0.286, 635.74591, 50.77476, 0.14648, 1.0, 0.49255
0.287, 635.79773, 50.41684, 0.11035, 1.0, 0.49255
0.288, 635.84674, 50.31457, 0.10938, 1.0, 0.49255
0.289, 635.89734, 50.26344, 0.13965, 1.0, 0.49255
0.29, 635.94824, 50.6725, 0.09863, 1.0, 0.49255
0.291, 635.99945, 50.8259, 0.07031, 1.0, 0.49255
0.292, 636.05066, 50.87703, 0.07129, 1.0, 0.49249
0.293, 636.10248, 51.08156, 0.08008, 1.0, 0.49249
0.294, 636.15308, 50.72363, 0.0498, 1.0, 0.49255
0.295, 636.20959, 50.57023, 0.06543, 1.0, 0.49255
0.296, 636.28754, 50.26344, 0.12109, 1.0, 0.49255
0.297, 636.30634, 50.26344, 0.11426, 1.0, 0.49249
0.298, 636.36353, 50.31457, 0.11523, 1.0, 0.49249
0.299, 636.41193, 50.72363, 0.12305, 1.0, 0.49255
0.3, 636.45465, 50.8259, 0.13281, 1.0, 0.49255
0.301, 636.51056, 50.62137, 0.0791, 1.0, 0.49255
0.302, 636.55865, 50.57023, 0.05957, 1.0, 0.49249
0.303, 636.60669, 50.57023, 0.08594, 1.0, 0.49249
0.304, 636.65887, 50.57023, 0.04688, 1.0, 0.49249
0.305, 636.70819, 50.97929, 0.0625, 1.0, 0.49249
0.306, 636.75873, 50.6725, 0.09668, 1.0, 0.49249
0.307, 636.80902, 50.57023, 0.13086, 1.0, 0.49249
0.308, 636.85925, 50.16117, 0.12207, 1.0, 0.49249
0.309, 636.90955, 50.2123, 0.10938, 1.0, 0.49255
0.31, 636.96045, 50.46797, 0.14258, 1.0, 0.49255
0.311, 637.01257, 50.5191, 0.07812, 1.0, 0.49249
0.312, 637.07886, 50.97929, 0.06055, 1.0, 0.49255
0.313, 637.13104, 50.87703, 0.08398, 1.0, 0.49249
0.314, 637.16907, 50.87703, 0.05664, 1.0, 0.49255
0.315, 637.2218, 50.62137, 0.06445, 1.0, 0.49255
0.316, 637.26703, 50.3657, 0.07324, 1.0, 0.49255
0.317, 637.31573, 50.26344, 0.13477, 1.0, 0.49249
0.318, 637.37164, 50.05891, 0.11035, 1.0, 0.49255
0.319, 637.41846, 50.62137, 0.09961, 1.0, 0.49255
0.32, 637.47186, 50.57023, 0.14062, 1.0, 0.49249
0.321, 637.51868, 50.77476, 0.1084, 1.0, 0.49249
0.322, 637.56799, 50.62137, 0.0791, 1.0, 0.49255
0.323, 637.61987, 50.57023, 0.05957, 1.0, 0.49255
0.324, 637.66919, 50.77476, 0.0791, 1.0, 0.49249
0.325, 637.72131, 50.62137, 0.05176, 1.0, 0.49249
0.326, 637.771, 50.77476, 0.05078, 1.0, 0.49255
0.327, 637.82123, 50.62137, 0.12988, 1.0, 0.49255
0.328, 637.87274, 50.3657, 0.12207, 1.0, 0.49255
0.329, 637.93683, 50.26344, 0.11816, 1.0, 0.49255
0.33, 637.98114, 50.26344, 0.125, 1.0, 0.49255
0.331, 638.02795, 50.46797, 0.125, 1.0, 0.49255
0.332, 638.08264, 50.57023, 0.06543, 1.0, 0.49255
0.333, 638.12598, 50.77476, 0.05664, 1.0, 0.49249
0.334, 638.17938, 51.08156, 0.08203, 1.0, 0.49255
0.335, 638.22742, 50.72363, 0.04492, 1.0, 0.49255
0.336, 638.284, 50.77476, 0.06738, 1.0, 0.49255
0.337, 638.32703, 50.41684, 0.09082, 1.0, 0.49255
0.338, 638.37695, 50.31457, 0.13379, 1.0, 0.49255
0.339, 638.42786, 50.26344, 0.12305, 1.0, 0.49255
0.34, 638.47876, 50.46797, 0.09961, 1.0, 0.49261
0.341, 638.52936, 50.97929, 0.15625, 1.0, 0.49249
0.342, 638.58026, 50.46797, 0.09375, 1.0, 0.49255
0.343, 638.63049, 50.72363, 0.07129, 1.0, 0.49255
0.344, 638.68268, 50.62137, 0.07129, 1.0, 0.49261
0.345, 638.73608, 50.57023, 0.05469, 1.0, 0.49255
0.346, 638.81335, 50.8259, 0.06152, 1.0, 0.49249
0.347, 638.83661, 50.8259, 0.07715, 1.0, 0.49249
0.348, 638.8941, 50.57023, 0.13965, 1.0, 0.49255
0.349, 638.94092, 50.3657, 0.11816, 1.0, 0.49249
0.35, 638.98614, 50.46797, 0.1123, 1.0, 0.49255
0.351, 639.04205, 50.3657, 0.14258, 1.0, 0.49255
0.352, 639.08795, 50.6725, 0.10352, 1.0, 0.49255
0.353, 639.13788, 51.03043, 0.06738, 1.0, 0.49249
0.354, 639.19037, 50.92816, 0.05566, 1.0, 0.49255
0.355, 639.24091, 51.08156, 0.07812, 1.0, 0.49249
0.356, 639.29059, 50.92816, 0.04883, 1.0, 0.49255
0.357, 639.34082, 50.6725, 0.05859, 1.0, 0.49255
0.358, 639.39233, 50.57023, 0.12012, 1.0, 0.49249
0.359, 639.44324, 50.3657, 0.11133, 1.0, 0.49261
0.36, 639.49255, 50.46797, 0.11426, 1.0, 0.49255
0.361, 639.55005, 50.77476, 0.11035, 1.0, 0.49255
0.362, 639.61102, 50.92816, 0.10352, 1.0, 0.49255
0.363, 639.66412, 50.77476, 0.07422, 1.0, 0.49261
0.364, 639.70117, 50.8259, 0.06445, 1.0, 0.49255
0.365, 639.75458, 50.6725, 0.07812, 1.0, 0.49261
0.366, 639.80078, 50.77476, 0.03418, 1.0, 0.49255
0.367, 639.8551, 51.03043, 0.05371, 1.0, 0.49249
0.368, 639.9032, 50.72363, 0.09473, 1.0, 0.49255
0.369, 639.95093, 50.62137, 0.12891, 1.0, 0.49249
0.37, 639.99994, 50.3657, 0.12891, 1.0, 0.49249
0.371, 640.05084, 50.46797, 0.10352, 1.0, 0.49249
0.372, 640.10138, 50.5191, 0.14062, 1.0, 0.49255
0.373, 640.15417, 50.77476, 0.08301, 1.0, 0.49255
0.374, 640.2038, 51.03043, 0.06348, 1.0, 0.49255
0.375, 640.255, 51.13269, 0.07227, 1.0, 0.49255
0.376, 640.30688, 50.97929, 0.06836, 1.0, 0.49255
0.377, 640.3562, 50.87703, 0.06055, 1.0, 0.49255
0.378, 640.40674, 50.46797, 0.06641, 1.0, 0.49255
0.379, 640.47211, 50.46797, 0.13184, 1.0, 0.49255
0.38, 640.51544, 50.3657, 0.11621, 1.0, 0.49255
0.381, 640.56384, 50.72363, 0.0957, 1.0, 0.49255
0.382, 640.61694, 50.8259, 0.14648, 1.0, 0.49249
0.383, 640.66815, 50.87703, 0.0918, 1.0, 0.49255
0.384, 640.71497, 50.87703, 0.07617, 1.0, 0.49255
0.385, 640.76337, 50.6725, 0.06445, 1.0, 0.49255
0.386, 640.82056, 50.8259, 0.06934, 1.0, 0.49255
0.387, 640.86389, 50.8259, 0.04395, 1.0, 0.49255
0.388, 640.91479, 51.08156, 0.05762, 1.0, 0.49249
0.389, 640.96661, 50.72363, 0.12598, 1.0, 0.49255
0.39, 641.01562, 50.62137, 0.11816, 1.0, 0.49249
0.391, 641.06592, 50.3657, 0.125, 1.0, 0.49255
0.392, 641.11713, 50.46797, 0.10547, 1.0, 0.49255
0.393, 641.16766, 50.72363, 0.12695, 1.0, 0.49261
0.394, 641.22015, 50.8259, 0.06934, 1.0, 0.49255
0.395, 641.27795, 51.08156, 0.05176, 1.0, 0.49255
0.396, 641.35144, 50.87703, 0.06348, 1.0, 0.49255
0.397, 641.37689, 50.72363, 0.05566, 1.0, 0.49249
0.398, 641.43347, 50.72363, 0.06738, 1.0, 0.49255
0.399, 641.479, 50.41684, 0.10742, 1.0, 0.49255
0.4, 641.52423, 50.5191, 0.12305, 1.0, 0.49249
0.401, 641.58014, 50.3657, 0.12305, 1.0, 0.49261
0.402, 641.62634, 50.72363, 0.09668, 1.0, 0.49255
0.403, 641.67566, 51.03043, 0.15332, 1.0, 0.49249
0.404, 641.72656, 50.72363, 0.08301, 1.0, 0.49255
0.405, 641.77838, 50.8259, 0.06348, 1.0, 0.49255
0.406, 641.82806, 50.87703, 0.0791, 1.0, 0.49255
0.407, 641.88019, 50.62137, 0.0498, 1.0, 0.49249
0.408, 641.93109, 51.03043, 0.05859, 1.0, 0.49255
0.409, 641.98071, 50.72363, 0.07227, 1.0, 0.49249
0.41, 642.03223, 50.8259, 0.13867, 1.0, 0.49255
0.411, 642.08154, 50.41684, 0.11914, 1.0, 0.49255
0.412, 642.1485, 50.5191, 0.10547, 1.0, 0.49255
0.413, 642.20441, 50.57023, 0.14062, 1.0, 0.49255
0.414, 642.23773, 50.57023, 0.09473, 1.0, 0.49249
0.415, 642.29895, 51.03043, 0.06152, 1.0, 0.49249
0.416, 642.33856, 51.13269, 0.0625, 1.0, 0.49255
0.417, 642.38788, 51.18383, 0.06543, 1.0, 0.49255
0.418, 642.44128, 50.72363, 0.05566, 1.0, 0.49255
0.419, 642.4928, 50.57023, 0.06738, 1.0, 0.49255
0.42, 642.53772, 50.3657, 0.12598, 1.0, 0.49249
0.421, 642.58954, 50.05891, 0.1084, 1.0, 0.49255
0.422, 642.63885, 50.41684, 0.12109, 1.0, 0.49255
0.423, 642.68976, 50.72363, 0.1123, 1.0, 0.49255
0.424, 642.74194, 50.8259, 0.12402, 1.0, 0.49255
0.425, 642.79877, 50.62137, 0.07129, 1.0, 0.49255
0.426, 642.84186, 50.57023, 0.05762, 1.0, 0.49255
0.427, 642.89368, 50.57023, 0.08398, 1.0, 0.49255
0.428, 642.94458, 50.57023, 0.04883, 1.0, 0.49255
0.429, 643.008, 50.92816, 0.05371, 1.0, 0.49255
0.43, 643.05072, 50.6725, 0.10938, 1.0, 0.49255
0.431, 643.10321, 50.31457, 0.12207, 1.0, 0.49255
0.432, 643.15094, 50.05891, 0.12891, 1.0, 0.49255
0.433, 643.19653, 50.16117, 0.10547, 1.0, 0.49255
0.434, 643.25085, 50.46797, 0.13281, 1.0, 0.49255
0.435, 643.29797, 50.5191, 0.08398, 1.0, 0.49255
0.436, 643.34888, 50.77476, 0.05273, 1.0, 0.49255
0.437, 643.3985, 51.03043, 0.06445, 1.0, 0.49261
0.438, 643.45288, 50.92816, 0.06055, 1.0, 0.49249
0.439, 643.50061, 50.6725, 0.07129, 1.0, 0.49255
0.44, 643.54962, 50.16117, 0.0752, 1.0, 0.49261
0.441, 643.59961, 50.41684, 0.13672, 1.0, 0.49249
0.442, 643.65173, 50.05891, 0.1084, 1.0, 0.49255
0.443, 643.70105, 50.41684, 0.10254, 1.0, 0.49255
0.444, 643.75323, 50.72363, 0.13672, 1.0, 0.49261
0.445, 643.82141, 50.6725, 0.08203, 1.0, 0.49249
0.446, 643.87573, 50.57023, 0.06934, 1.0, 0.49255
0.447, 643.90619, 50.41684, 0.07324, 1.0, 0.49255
0.448, 643.96429, 50.5191, 0.06348, 1.0, 0.49255
0.449, 644.01019, 50.57023, 0.05273, 1.0, 0.49261
0.45, 644.05823, 50.77476, 0.06445, 1.0, 0.49255
0.451, 644.11102, 50.62137, 0.1377, 1.0, 0.49255
0.452, 644.15784, 50.57023, 0.11328, 1.0, 0.49261
0.453, 644.20654, 50.3657, 0.12695, 1.0, 0.49261
0.454, 644.25867, 50.26344, 0.11426, 1.0, 0.49255
0.455, 644.30798, 50.46797, 0.12109, 1.0, 0.49261
0.456, 644.36645, 50.57023, 0.07324, 1.0, 0.49255
0.457, 644.4101, 50.97929, 0.05664, 1.0, 0.49255
0.458, 644.46197, 50.92816, 0.08008, 1.0, 0.49255
0.459, 644.5116, 50.87703, 0.04883, 1.0, 0.49255
0.46, 644.56183, 50.6725, 0.06641, 1.0, 0.49255
0.461, 644.61212, 50.3657, 0.09375, 1.0, 0.49261
0.462, 644.68152, 50.41684, 0.1084, 1.0, 0.49255
0.463, 644.73242, 50.3657, 0.11816, 1.0, 0.49261
0.464, 644.76923, 50.5191, 0.10547, 1.0, 0.49255
0.465, 644.82263, 50.72363, 0.1377, 1.0, 0.49255
0.466, 644.87195, 50.62137, 0.07715, 1.0, 0.49255
0.467, 644.91998, 50.77476, 0.06055, 1.0, 0.49255
0.468, 644.9696, 50.62137, 0.07227, 1.0, 0.49261
0.469, 645.01929, 50.77476, 0.05762, 1.0, 0.49255
0.47, 645.0686, 50.8259, 0.06055, 1.0, 0.49255
0.471, 645.11951, 50.87703, 0.07422, 1.0, 0.49261
0.472, 645.17072, 50.6725, 0.14941, 1.0, 0.49255
0.473, 645.22003, 50.16117, 0.12109, 1.0, 0.49255
0.474, 645.27026, 50.41684, 0.11133, 1.0, 0.49261
0.475, 645.32086, 50.31457, 0.13281, 1.0, 0.49261
0.476, 645.37176, 50.46797, 0.10547, 1.0, 0.49261
0.477, 645.42419, 50.97929, 0.06738, 1.0, 0.49255
0.478, 645.47388, 50.92816, 0.05859, 1.0, 0.49261
0.479, 645.53607, 51.03043, 0.06543, 1.0, 0.49255
0.48, 645.58411, 50.6725, 0.05762, 1.0, 0.49261
0.481, 645.6344, 50.57023, 0.07031, 1.0, 0.49255
0.482, 645.68341, 50.5191, 0.13574, 1.0, 0.49255
0.483, 645.72803, 50.3657, 0.1123, 1.0, 0.49255
0.484, 645.78363, 50.5191, 0.12012, 1.0, 0.49255
0.485, 645.82855, 50.72363, 0.11426, 1.0, 0.49255
0.486, 645.88037, 50.8259, 0.12695, 1.0, 0.49261
0.487, 645.92999, 50.87703, 0.07617, 1.0, 0.49261
0.488, 645.98059, 50.6725, 0.05762, 1.0, 0.49255
0.489, 646.03149, 50.77476, 0.0791, 1.0, 0.49261
0.49, 646.0827, 50.8259, 0.04004, 1.0, 0.49261
0.491, 646.13361, 51.08156, 0.06348, 1.0, 0.49255
0.492, 646.18414, 50.72363, 0.08691, 1.0, 0.49255
0.493, 646.23444, 50.8259, 0.12793, 1.0, 0.49261
0.494, 646.28503, 50.41684, 0.12305, 1.0, 0.49255
0.495, 646.34473, 50.3657, 0.1084, 1.0, 0.49255
0.496, 646.41602, 50.62137, 0.10156, 1.0, 0.49261
0.497, 646.44397, 50.62137, 0.07031, 1.0, 0.49261
0.498, 646.50305, 51.03043, 0.05664, 1.0, 0.49255
0.499, 646.54517, 51.13269, 0.07812, 1.0, 0.49255
0.5, 646.59198, 51.18383, 0.05957, 1.0, 0.49261
0.501, 646.64502, 50.97929, 0.06641, 1.0, 0.49255
0.502, 646.69312, 50.46797, 0.07812, 1.0, 0.49261
0.503, 646.74213, 50.72363, 0.1416, 1.0, 0.49255
0.504, 646.79303, 50.41684, 0.11719, 1.0, 0.49255
0.505, 646.84515, 50.72363, 0.09082, 1.0, 0.49255
0.506, 646.89478, 50.8259, 0.13672, 1.0, 0.49255
0.507, 646.94568, 50.62137, 0.10645, 1.0, 0.49261
0.508, 646.99628, 50.77476, 0.0752, 1.0, 0.49261
0.509, 647.04742, 50.8259, 0.05859, 1.0, 0.49261
0.51, 647.09833, 50.87703, 0.06738, 1.0, 0.49261
0.511, 647.14954, 50.87703, 0.04297, 1.0, 0.49261
0.512, 647.21551, 51.03043, 0.0752, 1.0, 0.49261
0.513, 647.27301, 50.6725, 0.1416, 1.0, 0.49261
0.514, 647.30597, 50.46797, 0.1123, 1.0, 0.49261
0.515, 647.36035, 50.46797, 0.11133, 1.0, 0.49255
0.516, 647.40875, 50.3657, 0.12207, 1.0, 0.49255
0.517, 647.45551, 50.72363, 0.11621, 1.0, 0.49261
0.518, 647.508, 50.8259, 0.06445, 1.0, 0.49261
0.519, 647.55542, 51.08156, 0.05371, 1.0, 0.49261
0.52, 647.61011, 51.13269, 0.08887, 1.0, 0.49261
0.521, 647.65723, 50.97929, 0.04102, 1.0, 0.49255
0.522, 647.70874, 50.87703, 0.05957, 1.0, 0.49261
0.523, 647.75775, 50.46797, 0.09961, 1.0, 0.49261
0.524, 647.80957, 50.31457, 0.12012, 1.0, 0.49255
0.525, 647.85889, 50.26344, 0.11719, 1.0, 0.49255
0.526, 647.90979, 50.6725, 0.10938, 1.0, 0.49261
0.527, 647.9632, 50.8259, 0.14648, 1.0, 0.49261
0.528, 648.01288, 50.62137, 0.08496, 1.0, 0.49255
0.529, 648.07727, 50.72363, 0.05566, 1.0, 0.49255
0.53, 648.12189, 50.6725, 0.08203, 1.0, 0.49255
0.531, 648.17432, 50.8259, 0.03809, 1.0, 0.49261
0.532, 648.22113, 50.8259, 0.0625, 1.0, 0.49261
0.533, 648.26703, 50.87703, 0.0752, 1.0, 0.49261
0.534, 648.33075, 50.72363, 0.13281, 1.0, 0.49261
0.535, 648.37256, 50.41684, 0.11426, 1.0, 0.49261
0.536, 648.41656, 50.31457, 0.11035, 1.0, 0.49261
0.537, 648.4671, 50.46797, 0.13867, 1.0, 0.49261
0.538, 648.51929, 50.5191, 0.09082, 1.0, 0.49255
0.539, 648.56921, 50.77476, 0.06934, 1.0, 0.49255
0.54, 648.62012, 50.8259, 0.06152, 1.0, 0.49261
0.541, 648.67072, 51.08156, 0.07812, 1.0, 0.49255
0.542, 648.72284, 50.72363, 0.06348, 1.0, 0.49255
0.543, 648.77814, 50.57023, 0.06445, 1.0, 0.49255
0.544, 648.82184, 50.3657, 0.12793, 1.0, 0.49255
0.545, 648.89532, 50.3657, 0.11719, 1.0, 0.49261
0.5462, 648.9563, 50.57023, 0.09766, 1.0, 0.49268
0.547, 648.99963, 50.8259, 0.14648, 1.0, 0.49255
0.548, 649.02979, 50.97929, 0.11133, 1.0, 0.49261
0.549, 649.09167, 50.6725, 0.06934, 1.0, 0.49261
0.55, 649.13379, 50.57023, 0.0625, 1.0, 0.49261
0.551, 649.1806, 50.57023, 0.08301, 1.0, 0.49261
0.552, 649.22894, 50.57023, 0.04395, 1.0, 0.49261
0.553, 649.28455, 50.77476, 0.05664, 1.0, 0.49261
0.554, 649.33014, 50.62137, 0.09766, 1.0, 0.49261
0.555, 649.38165, 50.57023, 0.12793, 1.0, 0.49255
0.556, 649.43066, 50.3657, 0.12793, 1.0, 0.49255
0.557, 649.47998, 50.26344, 0.09863, 1.0, 0.49261
0.558, 649.53058, 50.46797, 0.14453, 1.0, 0.49255
0.559, 649.58179, 50.5191, 0.08008, 1.0, 0.49261
0.56, 649.63263, 50.97929, 0.05469, 1.0, 0.49255
0.561, 649.68353, 50.92816, 0.08008, 1.0, 0.49255
0.562, 649.7417, 50.87703, 0.05859, 1.0, 0.49255
0.563, 649.8045, 50.57023, 0.06348, 1.0, 0.49255
0.564, 649.83844, 50.2123, 0.0791, 1.0, 0.49255
0.565, 649.89374, 50.3657, 0.13281, 1.0, 0.49255
0.566, 649.93799, 50.05891, 0.11914, 1.0, 0.49249
0.567, 649.99396, 50.62137, 0.10938, 1.0, 0.49255
0.568, 650.04108, 50.57023, 0.14258, 1.0, 0.49261
0.569, 650.09039, 50.77476, 0.09961, 1.0, 0.49255
0.57, 650.13971, 50.62137, 0.06445, 1.0, 0.49255
0.571, 650.18903, 50.57023, 0.07129, 1.0, 0.49255
0.572, 650.23962, 50.57023, 0.06934, 1.0, 0.49255
0.573, 650.29083, 50.77476, 0.05176, 1.0, 0.49255
0.574, 650.34137, 50.8259, 0.06543, 1.0, 0.49255
0.575, 650.39923, 50.62137, 0.14355, 1.0, 0.49249
0.576, 650.44196, 50.3657, 0.12305, 1.0, 0.49255
0.577, 650.49347, 50.46797, 0.12012, 1.0, 0.49249
0.578, 650.54401, 50.11004, 0.1123, 1.0, 0.49255
0.579, 650.61127, 50.62137, 0.0957, 1.0, 0.49255
0.58, 650.65051, 50.62137, 0.06738, 1.0, 0.49255
0.581, 650.703, 50.77476, 0.06152, 1.0, 0.49261
0.582, 650.7536, 50.8259, 0.08203, 1.0, 0.49255
0.583, 650.79944, 50.62137, 0.04785, 1.0, 0.49255
0.584, 650.85315, 50.57023, 0.0625, 1.0, 0.49249
0.585, 650.89874, 50.3657, 0.09766, 1.0, 0.49249
0.586, 650.94775, 50.46797, 0.12988, 1.0, 0.49249
0.587, 650.99957, 50.31457, 0.11816, 1.0, 0.49255
0.588, 651.04919, 50.46797, 0.10742, 1.0, 0.49255
0.589, 651.09979, 50.97929, 0.15625, 1.0, 0.49255
0.59, 651.15192, 50.6725, 0.08691, 1.0, 0.49249
0.591, 651.20251, 50.57023, 0.07031, 1.0, 0.49249
0.592, 651.25214, 50.57023, 0.07227, 1.0, 0.49255
0.593, 651.30304, 50.77476, 0.04297, 1.0, 0.49255
0.594, 651.35364, 50.8259, 0.06348, 1.0, 0.49255
0.595, 651.41553, 50.6725, 0.08008, 1.0, 0.49255
0.596, 651.48334, 50.41684, 0.12598, 1.0, 0.49255
0.597, 651.51355, 50.16117, 0.12402, 1.0, 0.49249
0.598, 651.56787, 50.26344, 0.11328, 1.0, 0.49255
0.599, 651.61218, 50.46797, 0.14746, 1.0, 0.49255
0.6, 651.65833, 50.5191, 0.10059, 1.0, 0.49249
0.601, 651.71173, 50.97929, 0.06836, 1.0, 0.49255
0.602, 651.75922, 51.13269, 0.05664, 1.0, 0.49255
0.603, 651.81103, 51.18383, 0.06934, 1.0, 0.49249
0.604, 651.86066, 50.72363, 0.0498, 1.0, 0.49255
0.605, 651.91095, 50.62137, 0.06055, 1.0, 0.49255
0.606, 651.96118, 50.3657, 0.12305, 1.0, 0.49255
0.607, 652.01178, 50.26344, 0.11621, 1.0, 0.49255
0.608, 652.06268, 50.6725, 0.12012, 1.0, 0.49255
0.609, 652.11359, 50.62137, 0.11133, 1.0, 0.49255
0.61, 652.16571, 50.97929, 0.12891, 1.0, 0.49255
0.611, 652.21533, 50.72363, 0.07422, 1.0, 0.49249
0.612, 652.2876, 50.8259, 0.06641, 1.0, 0.49249
0.613, 652.3385, 50.72363, 0.06641, 1.0, 0.49255
0.614, 652.37561, 50.6725, 0.03711, 1.0, 0.49255
0.615, 652.42615, 51.03043, 0.05469, 1.0, 0.49249
0.616, 652.47174, 50.92816, 0.10449, 1.0, 0.49255
0.617, 652.52447, 50.62137, 0.12305, 1.0, 0.49255
0.618, 652.57635, 50.3657, 0.12695, 1.0, 0.49249
0.619, 652.62189, 50.26344, 0.10449, 1.0, 0.49255
0.62, 652.6712, 50.46797, 0.14258, 1.0, 0.49255
0.621, 652.72369, 50.72363, 0.08203, 1.0, 0.49255
0.622, 652.78119, 51.08156, 0.05566, 1.0, 0.49249
0.623, 652.82483, 51.13269, 0.08008, 1.0, 0.49249
0.624, 652.87543, 50.97929, 0.06055, 1.0, 0.49255
0.625, 652.92596, 50.87703, 0.06738, 1.0, 0.49255
0.626, 652.97784, 50.41684, 0.08203, 1.0, 0.49255
0.627, 653.02686, 50.5191, 0.14062, 1.0, 0.49249
0.628, 653.0777, 50.31457, 0.11133, 1.0, 0.49255
0.629, 653.14148, 50.72363, 0.10449, 1.0, 0.49255
0.63, 653.18958, 50.8259, 0.14844, 1.0, 0.49255
0.631, 653.237, 50.87703, 0.0957, 1.0, 0.49255
0.632, 653.28882, 51.03043, 0.07324, 1.0, 0.49255
0.633, 653.3335, 50.72363, 0.06836, 1.0, 0.49261
0.634, 653.3869, 50.8259, 0.06738, 1.0, 0.49255
0.635, 653.44061, 51.08156, 0.05273, 1.0, 0.49249
0.636, 653.48645, 50.92816, 0.05176, 1.0, 0.49255
0.637, 653.53674, 50.87703, 0.12207, 1.0, 0.49255
0.638, 653.58728, 50.6725, 0.11523, 1.0, 0.49255
0.639, 653.63757, 50.3657, 0.12012, 1.0, 0.49255
0.64, 653.68719, 50.46797, 0.11816, 1.0, 0.49255
0.641, 653.7381, 50.77476, 0.12891, 1.0, 0.49249
0.642, 653.79089, 50.8259, 0.06738, 1.0, 0.49255
0.643, 653.84082, 51.08156, 0.05176, 1.0, 0.49255
0.644, 653.89142, 51.13269, 0.09082, 1.0, 0.49255
0.645, 653.94763, 50.92816, 0.04785, 1.0, 0.49255
0.646, 654.01929, 50.62137, 0.06445, 1.0, 0.49249
0.647, 654.04944, 50.41684, 0.11719, 1.0, 0.49249
0.648, 654.10376, 50.31457, 0.11523, 1.0, 0.49255
0.649, 654.14935, 50.46797, 0.12012, 1.0, 0.49255
0.65, 654.19678, 50.72363, 0.1084, 1.0, 0.49261
0.651, 654.25238, 50.8259, 0.13379, 1.0, 0.49255
0.652, 654.29828, 50.62137, 0.0791, 1.0, 0.49255
0.653, 654.34759, 51.03043, 0.06152, 1.0, 0.49255
0.654, 654.3985, 50.72363, 0.08398, 1.0, 0.49249
0.655, 654.44934, 50.8259, 0.0498, 1.0, 0.49249
0.656, 654.50024, 50.87703, 0.06641, 1.0, 0.49255
0.657, 654.55243, 50.87703, 0.07227, 1.0, 0.49255
0.658, 654.60144, 50.6725, 0.14648, 1.0, 0.49255
0.659, 654.65167, 50.3657, 0.11133, 1.0, 0.49255
0.66, 654.70227, 50.46797, 0.10449, 1.0, 0.49249
0.661, 654.75287, 50.5191, 0.13867, 1.0, 0.49249
0.662, 654.81818, 50.6725, 0.08789, 1.0, 0.49261
0.663, 654.88068, 50.92816, 0.05762, 1.0, 0.49261
0.664, 654.91022, 50.92816, 0.06348, 1.0, 0.49255
0.665, 654.96332, 51.08156, 0.05371, 1.0, 0.49255
0.666, 655.01263, 50.72363, 0.06348, 1.0, 0.49249
0.667, 655.06042, 50.62137, 0.06348, 1.0, 0.49255
0.668, 655.11163, 50.3657, 0.14551, 1.0, 0.49261
0.669, 655.15967, 50.05891, 0.11035, 1.0, 0.49255
0.67, 655.20898, 50.41684, 0.12402, 1.0, 0.49255
0.671, 655.25989, 50.72363, 0.12012, 1.0, 0.49255
0.672, 655.31079, 50.8259, 0.12012, 1.0, 0.49255
0.673, 655.36139, 50.62137, 0.06836, 1.0, 0.49255
0.674, 655.41193, 50.57023, 0.06445, 1.0, 0.49255
0.675, 655.46252, 50.57023, 0.08105, 1.0, 0.49249
0.676, 655.51373, 50.77476, 0.03711, 1.0, 0.49255
0.677, 655.56433, 50.8259, 0.05957, 1.0, 0.49249
0.678, 655.61615, 50.62137, 0.10059, 1.0, 0.49255
0.679, 655.68372, 50.3657, 0.11328, 1.0, 0.49255
0.68, 655.72235, 50.11004, 0.12891, 1.0, 0.49255
0.681, 655.76788, 50.2123, 0.11328, 1.0, 0.49249
0.682, 655.82349, 50.46797, 0.14062, 1.0, 0.49255
0.683, 655.86938, 50.5191, 0.07422, 1.0, 0.49249
0.684, 655.92279, 50.77476, 0.05957, 1.0, 0.49255
0.685, 655.97241, 50.8259, 0.08398, 1.0, 0.49255
0.686, 656.02045, 50.62137, 0.0498, 1.0, 0.49249
0.687, 656.07703, 50.57023, 0.06641, 1.0, 0.49255
0.688, 656.11975, 50.3657, 0.07129, 1.0, 0.49255
0.689, 656.16968, 50.26344, 0.14453, 1.0, 0.49255
0.69, 656.22028, 50.05891, 0.12109, 1.0, 0.49255
0.691, 656.27118, 50.62137, 0.10938, 1.0, 0.49255
0.692, 656.32178, 50.57023, 0.1416, 1.0, 0.49255
0.693, 656.37262, 50.77476, 0.09766, 1.0, 0.49249
0.694, 656.42322, 50.62137, 0.07324, 1.0, 0.49249
0.695, 656.4801, 50.57023, 0.06738, 1.0, 0.49255
0.696, 656.55518, 50.6725, 0.0459, 1.0, 0.49261
0.697, 656.58063, 50.62137, 0.04785, 1.0, 0.49255
0.698, 656.63751, 50.77476, 0.06543, 1.0, 0.49249
0.699, 656.68274, 50.62137, 0.14258, 1.0, 0.49255
0.7, 656.72797, 50.3657, 0.12109, 1.0, 0.49255
0.701, 656.78076, 50.5191, 0.12695, 1.0, 0.49249
0.702, 656.83386, 50.11004, 0.12402, 1.0, 0.49255
0.703, 656.87811, 50.41684, 0.12598, 1.0, 0.49249
0.704, 656.92932, 50.72363, 0.07227, 1.0, 0.49249
0.705, 656.98022, 50.8259, 0.05371, 1.0, 0.49255
0.706, 657.03113, 51.08156, 0.08203, 1.0, 0.49249
0.707, 657.08173, 50.72363, 0.0459, 1.0, 0.49255
0.708, 657.13196, 50.8259, 0.06152, 1.0, 0.49255
0.709, 657.18256, 50.41684, 0.09766, 1.0, 0.49249
0.71, 657.23279, 50.31457, 0.11621, 1.0, 0.49249
0.711, 657.28339, 50.26344, 0.12109, 1.0, 0.49255
0.7124, 657.34967, 50.72363, 0.11523, 1.0, 0.49255
0.713, 657.41663, 50.6725, 0.1123, 1.0, 0.49255
0.714, 657.43951, 50.62137, 0.08594, 1.0, 0.49255
0.715, 657.4964, 50.57023, 0.05859, 1.0, 0.49255
0.716, 657.54193, 50.57023, 0.07422, 1.0, 0.49255
0.717, 657.59033, 50.57023, 0.05273, 1.0, 0.49255
0.718, 657.64343, 50.77476, 0.06152, 1.0, 0.49249
0.719, 657.69055, 50.8259, 0.07227, 1.0, 0.49249
0.72, 657.73926, 50.62137, 0.14941, 1.0, 0.49255
0.721, 657.78949, 50.16117, 0.12012, 1.0, 0.49255
0.722, 657.84009, 50.41684, 0.11523, 1.0, 0.49255
0.723, 657.89069, 50.31457, 0.14746, 1.0, 0.49255
0.724, 657.94189, 50.6725, 0.09668, 1.0, 0.49249
0.725, 657.99274, 50.8259, 0.07227, 1.0, 0.49255
0.726, 658.04395, 51.08156, 0.06641, 1.0, 0.49255
0.727, 658.09454, 50.92816, 0.06836, 1.0, 0.49255
0.728, 658.14514, 50.6725, 0.05664, 1.0, 0.49255
0.729, 658.21454, 50.57023, 0.08789, 1.0, 0.49255
0.73, 658.25476, 50.5191, 0.14746, 1.0, 0.49255
0.731, 658.30035, 50.31457, 0.10938, 1.0, 0.49249
0.732, 658.35376, 50.72363, 0.1123, 1.0, 0.49249
0.733, 658.3999, 50.62137, 0.11914, 1.0, 0.49255
0.734, 658.45428, 51.03043, 0.10547, 1.0, 0.49255
0.735, 658.50012, 50.92816, 0.06738, 1.0, 0.49255
0.736, 658.55194, 50.6725, 0.05371, 1.0, 0.49255
0.737, 658.60162, 50.8259, 0.08008, 1.0, 0.49249
0.738, 658.65283, 50.8259, 0.04004, 1.0, 0.49255
0.739, 658.70337, 50.87703, 0.05664, 1.0, 0.49255
0.74, 658.75397, 50.87703, 0.10059, 1.0, 0.49249
0.741, 658.80426, 50.6725, 0.13281, 1.0, 0.49255
0.742, 658.8548, 50.3657, 0.13086, 1.0, 0.49249
0.743, 658.9057, 50.26344, 0.11133, 1.0, 0.49249
0.744, 658.9563, 50.6725, 0.13965, 1.0, 0.49249
0.745, 659.0141, 50.87703, 0.07227, 1.0, 0.49255
0.746, 659.09235, 51.08156, 0.05957, 1.0, 0.49249
0.747, 659.1178, 51.03043, 0.08301, 1.0, 0.49249
0.748, 659.17371, 51.08156, 0.04492, 1.0, 0.49249
0.749, 659.21643, 50.92816, 0.06152, 1.0, 0.49255
0.75, 659.26477, 50.6725, 0.09375, 1.0, 0.49249
0.751, 659.31757, 50.57023, 0.13574, 1.0, 0.49249
0.752, 659.36346, 50.3657, 0.1084, 1.0, 0.49255
0.753, 659.42096, 50.92816, 0.09961, 1.0, 0.49249
0.754, 659.46551, 50.87703, 0.13965, 1.0, 0.49261
0.755, 659.51642, 50.87703, 0.09863, 1.0, 0.49249
0.756, 659.5683, 50.87703, 0.06641, 1.0, 0.49249
0.757, 659.6192, 50.6725, 0.05859, 1.0, 0.49249
0.758, 659.66882, 51.03043, 0.06738, 1.0, 0.49249
0.759, 659.72003, 50.92816, 0.0498, 1.0, 0.49255
0.76, 659.77093, 50.87703, 0.06543, 1.0, 0.49255
0.761, 659.82117, 50.87703, 0.13477, 1.0, 0.49249
0.7624, 659.88562, 50.57023, 0.11816, 1.0, 0.49255
0.763, 659.94873, 50.31457, 0.10645, 1.0, 0.49249
0.764, 659.97668, 50.26344, 0.12695, 1.0, 0.49249
0.765, 660.03387, 50.72363, 0.10352, 1.0, 0.49249
0.766, 660.0788, 50.8259, 0.07422, 1.0, 0.49249
0.767, 660.12872, 51.08156, 0.0498, 1.0, 0.49255
0.768, 660.18182, 51.13269, 0.07812, 1.0, 0.49249
0.769, 660.22931, 50.97929, 0.04395, 1.0, 0.49249
0.77, 660.27832, 50.87703, 0.06152, 1.0, 0.49249
0.771, 660.32983, 50.41684, 0.10547, 1.0, 0.49249
0.772, 660.37915, 50.31457, 0.12207, 1.0, 0.49255
0.773, 660.42969, 50.46797, 0.12305, 1.0, 0.49249
0.774, 660.4809, 50.72363, 0.1123, 1.0, 0.49255
0.775, 660.53778, 50.8259, 0.12988, 1.0, 0.49243
0.776, 660.58368, 50.62137, 0.08398, 1.0, 0.49249
0.777, 660.633, 50.77476, 0.0625, 1.0, 0.49243
0.778, 660.6839, 50.8259, 0.07324, 1.0, 0.49249
0.779, 660.7514, 50.77476, 0.03906, 1.0, 0.49249
0.78, 660.79321, 50.97929, 0.06543, 1.0, 0.49243
0.781, 660.84283, 50.72363, 0.09375, 1.0, 0.49249
0.782, 660.89154, 50.77476, 0.13672, 1.0, 0.49249
0.783, 660.93958, 50.41684, 0.11719, 1.0, 0.49249
0.784, 660.99268, 50.31457, 0.10645, 1.0, 0.49249
0.785, 661.03949, 50.46797, 0.14258, 1.0, 0.49249
0.786, 661.08948, 50.72363, 0.08301, 1.0, 0.49249
0.787, 661.14032, 50.8259, 0.06836, 1.0, 0.49249
0.788, 661.19122, 50.87703, 0.05859, 1.0, 0.49243
0.789, 661.24213, 51.08156, 0.06641, 1.0, 0.49243
0.79, 661.29272, 50.72363, 0.05762, 1.0, 0.49249
0.791, 661.34424, 50.62137, 0.06152, 1.0, 0.49243
0.792, 661.39294, 50.3657, 0.1416, 1.0, 0.49249
0.793, 661.44348, 50.05891, 0.11426, 1.0, 0.49249
0.794, 661.49438, 50.62137, 0.11035, 1.0, 0.49243
0.795, 661.55029, 50.57023, 0.13184, 1.0, 0.49249
0.796, 661.62665, 50.8259, 0.08594, 1.0, 0.49249
0.797, 661.65179, 50.8259, 0.07812, 1.0, 0.49249
0.798, 661.70648, 50.6725, 0.06055, 1.0, 0.49255
0.799, 661.75452, 50.77476, 0.0752, 1.0, 0.49249
0.8, 661.80041, 50.62137, 0.04395, 1.0, 0.49243
0.801, 661.85504, 51.03043, 0.05469, 1.0, 0.49249
0.802, 661.90027, 50.72363, 0.10156, 1.0, 0.49243
0.803, 661.95184, 50.62137, 0.12207, 1.0, 0.49255
0.804, 662.00085, 50.16117, 0.12988, 1.0, 0.49249
0.805, 662.05139, 50.2123, 0.1084, 1.0, 0.49243
0.806, 662.10199, 50.46797, 0.14746, 1.0, 0.49249
0.807, 662.1532, 50.5191, 0.0752, 1.0, 0.49249
0.808, 662.2041, 50.97929, 0.05469, 1.0, 0.49249
0.809, 662.255, 51.13269, 0.08203, 1.0, 0.49249
0.81, 662.30811, 50.72363, 0.05176, 1.0, 0.49243
0.811, 662.36182, 50.57023, 0.06152, 1.0, 0.49249
0.812, 662.42212, 50.31457, 0.1123, 1.0, 0.49249
0.813, 662.47522, 50.26344, 0.11328, 1.0, 0.49243
0.814, 662.51288, 50.26344, 0.11816, 1.0, 0.49249
0.815, 662.56378, 50.46797, 0.10742, 1.0, 0.49243
0.816, 662.61218, 50.77476, 0.15137, 1.0, 0.49249
0.817, 662.66528, 50.62137, 0.08789, 1.0, 0.49249
0.818, 662.71429, 50.57023, 0.07422, 1.0, 0.49243
0.819, 662.76141, 50.3657, 0.06348, 1.0, 0.49243
0.82, 662.81073, 50.72363, 0.0625, 1.0, 0.49243
0.821, 662.86285, 50.62137, 0.04883, 1.0, 0.49243
0.822, 662.91223, 50.77476, 0.06543, 1.0, 0.49249
0.823, 662.96246, 50.62137, 0.1377, 1.0, 0.49243
0.824, 663.01276, 50.3657, 0.11523, 1.0, 0.49243
0.825, 663.06299, 50.46797, 0.12793, 1.0, 0.49249
0.826, 663.11481, 50.11004, 0.12207, 1.0, 0.49249
0.827, 663.16418, 50.41684, 0.11719, 1.0, 0.49243
0.828, 663.21539, 50.72363, 0.07422, 1.0, 0.49243
0.829, 663.28259, 50.8259, 0.0625, 1.0, 0.49243
0.83, 663.3244, 50.8259, 0.08203, 1.0, 0.49243
0.831, 663.37524, 50.6725, 0.04688, 1.0, 0.49243
0.832, 663.42554, 50.77476, 0.05566, 1.0, 0.49243
0.833, 663.47583, 50.3657, 0.1084, 1.0, 0.49243
0.834, 663.52228, 50.26344, 0.12012, 1.0, 0.49243
0.835, 663.57037, 50.26344, 0.13281, 1.0, 0.49243
0.836, 663.62, 50.46797, 0.10547, 1.0, 0.49243
0.837, 663.67181, 50.97929, 0.14551, 1.0, 0.49243
0.838, 663.7215, 50.6725, 0.07715, 1.0, 0.49249
0.839, 663.77203, 50.8259, 0.05859, 1.0, 0.49243
0.84, 663.82294, 50.62137, 0.07422, 1.0, 0.49243
0.841, 663.87384, 50.57023, 0.04102, 1.0, 0.49243
0.842, 663.92566, 50.97929, 0.06348, 1.0, 0.49249
0.843, 663.97534, 50.72363, 0.07324, 1.0, 0.49243
0.844, 664.02527, 50.57023, 0.13867, 1.0, 0.49243
0.845, 664.08087, 50.11004, 0.12793, 1.0, 0.49249
0.846, 664.15564, 50.46797, 0.11328, 1.0, 0.49243
0.847, 664.18329, 50.5191, 0.14551, 1.0, 0.49243
0.848, 664.23828, 50.62137, 0.08301, 1.0, 0.49243
0.849, 664.2854, 50.97929, 0.05957, 1.0, 0.49249
0.85, 664.3316, 50.92816, 0.06348, 1.0, 0.49243
0.851, 664.38464, 51.08156, 0.05859, 1.0, 0.49249
0.852, 664.43274, 50.92816, 0.05664, 1.0, 0.49249
0.853, 664.48206, 50.46797, 0.06836, 1.0, 0.49243
0.854, 664.53198, 50.5191, 0.13281, 1.0, 0.49243
0.855, 664.58289, 50.31457, 0.11035, 1.0, 0.49243
0.856, 664.63348, 50.46797, 0.12207, 1.0, 0.49243
0.857, 664.68439, 50.5191, 0.12109, 1.0, 0.49249
0.858, 664.73499, 50.97929, 0.125, 1.0, 0.49243
0.859, 664.78583, 50.6725, 0.07227, 1.0, 0.49237
0.86, 664.83673, 50.57023, 0.05664, 1.0, 0.49243
0.861, 664.88733, 50.77476, 0.08594, 1.0, 0.49243
0.862, 664.95392, 50.92816, 0.05371, 1.0, 0.49237
0.863, 665.0108, 50.87703, 0.07324, 1.0, 0.49243
0.864, 665.05225, 50.6725, 0.13379, 1.0, 0.49249
0.865, 665.10535, 50.5191, 0.11621, 1.0, 0.49249
0.866, 665.14307, 50.3657, 0.12793, 1.0, 0.49237
0.867, 665.19519, 50.26344, 0.11328, 1.0, 0.49243
0.868, 665.24579, 50.6725, 0.13281, 1.0, 0.49243
0.869, 665.29449, 50.62137, 0.0791, 1.0, 0.49237
0.87, 665.34442, 50.97929, 0.0625, 1.0, 0.49243
0.871, 665.39563, 51.13269, 0.07715, 1.0, 0.49243
0.872, 665.44745, 51.18383, 0.05469, 1.0, 0.49237
0.873, 665.50433, 50.87703, 0.06348, 1.0, 0.49243
0.874, 665.54736, 50.46797, 0.08789, 1.0, 0.49243
0.875, 665.59766, 50.5191, 0.14355, 1.0, 0.49237
0.876, 665.64856, 50.31457, 0.11133, 1.0, 0.49243
0.877, 665.6994, 50.6725, 0.09277, 1.0, 0.49243
0.878, 665.75787, 50.97929, 0.1377, 1.0, 0.49243
0.879, 665.81628, 50.72363, 0.0791, 1.0, 0.49243
0.88, 665.85809, 50.8259, 0.06055, 1.0, 0.49243
0.881, 665.91016, 50.6725, 0.06738, 1.0, 0.49243
0.882, 665.96265, 50.97929, 0.05664, 1.0, 0.49237
0.883, 666.00726, 50.92816, 0.05762, 1.0, 0.49243
0.884, 666.06067, 50.87703, 0.06738, 1.0, 0.49237
0.885, 666.10718, 50.87703, 0.14453, 1.0, 0.49243
0.886, 666.16248, 50.41684, 0.12109, 1.0, 0.49243
0.887, 666.20673, 50.31457, 0.12207, 1.0, 0.49243
0.888, 666.25732, 50.46797, 0.12207, 1.0, 0.49243
0.889, 666.30823, 50.72363, 0.11035, 1.0, 0.49243
0.89, 666.36102, 50.8259, 0.06055, 1.0, 0.49243
0.891, 666.41852, 51.13269, 0.05957, 1.0, 0.49243
0.892, 666.46436, 51.38836, 0.08203, 1.0, 0.49243
0.893, 666.51398, 50.8259, 0.05078, 1.0, 0.49237
0.894, 666.56299, 50.8259, 0.0625, 1.0, 0.49243
0.895, 666.62738, 50.57023, 0.13281, 1.0, 0.49243
0.896, 666.69336, 50.46797, 0.1123, 1.0, 0.49243
0.897, 666.71979, 50.5191, 0.12402, 1.0, 0.49243
0.898, 666.77978, 50.6725, 0.11133, 1.0, 0.49237
0.899, 666.82153, 50.97929, 0.13184, 1.0, 0.49243
0.9, 666.86743, 50.6725, 0.07715, 1.0, 0.49243
0.901, 666.92334, 50.8259, 0.05273, 1.0, 0.49243
0.902, 666.96887, 50.8259, 0.0791, 1.0, 0.49243
0.903, 667.01978, 50.87703, 0.04004, 1.0, 0.49243
0.904, 667.07825, 50.8259, 0.05762, 1.0, 0.49243
0.905, 667.12128, 50.6725, 0.08496, 1.0, 0.49243
0.906, 667.17151, 50.77476, 0.1377, 1.0, 0.49243
0.907, 667.2218, 50.2123, 0.12598, 1.0, 0.49243
0.908, 667.2724, 50.41684, 0.10254, 1.0, 0.49243
0.909, 667.32422, 50.31457, 0.15039, 1.0, 0.49243
0.91, 667.38171, 50.5191, 0.08594, 1.0, 0.49243
0.911, 667.42505, 50.97929, 0.0625, 1.0, 0.49243
0.9124, 667.49133, 50.97929, 0.06543, 1.0, 0.49243
0.913, 667.55951, 50.8259, 0.04688, 1.0, 0.49237
0.914, 667.57965, 50.72363, 0.05859, 1.0, 0.49243
0.915, 667.63617, 50.57023, 0.0752, 1.0, 0.49243
0.916, 667.6839, 50.31457, 0.14648, 1.0, 0.49249
0.917, 667.72949, 50.05891, 0.11133, 1.0, 0.49243
0.918, 667.7851, 50.41684, 0.10938, 1.0, 0.49237
0.919, 667.83221, 50.5191, 0.12207, 1.0, 0.49237
0.92, 667.88654, 50.77476, 0.10742, 1.0, 0.49243
0.921, 667.93085, 50.62137, 0.06934, 1.0, 0.49243
0.922, 667.98145, 50.57023, 0.05176, 1.0, 0.49243
0.923, 668.03204, 50.77476, 0.08203, 1.0, 0.49237
0.924, 668.08447, 50.62137, 0.04102, 1.0, 0.49243
0.925, 668.13379, 50.77476, 0.05859, 1.0, 0.49237
0.926, 668.18408, 50.62137, 0.11328, 1.0, 0.49243
0.927, 668.2356, 50.3657, 0.13379, 1.0, 0.49243
0.928, 668.28552, 50.26344, 0.13086, 1.0, 0.49243
0.929, 668.35278, 50.31457, 0.12305, 1.0, 0.49243
0.93, 668.39331, 50.46797, 0.12598, 1.0, 0.49243
0.931, 668.44543, 50.62137, 0.06445, 1.0, 0.49243
0.932, 668.50171, 50.97929, 0.04688, 1.0, 0.49237
0.933, 668.54095, 50.92816, 0.0752, 1.0, 0.49237
0.934, 668.59406, 50.87703, 0.04785, 1.0, 0.49249
0.935, 668.64056, 50.6725, 0.06641, 1.0, 0.49237
0.936, 668.68957, 50.16117, 0.08594, 1.0, 0.49243
0.937, 668.74707, 50.2123, 0.13184, 1.0, 0.49243
0.938, 668.7904, 50.2123, 0.11816, 1.0, 0.49249
0.939, 668.84131, 50.46797, 0.10352, 1.0, 0.49243
0.94, 668.89185, 50.72363, 0.14258, 1.0, 0.49243
0.941, 668.94275, 50.62137, 0.09473, 1.0, 0.49243
0.942, 669.00085, 50.77476, 0.06055, 1.0, 0.49237
0.943, 669.04395, 50.62137, 0.05762, 1.0, 0.49243
0.944, 669.09479, 50.57023, 0.05566, 1.0, 0.49237
0.945, 669.14947, 50.77476, 0.05664, 1.0, 0.49243
0.946, 669.22174, 50.87703, 0.09277, 1.0, 0.49243
0.947, 669.25189, 50.6725, 0.14648, 1.0, 0.49243
0.948, 669.30719, 50.41684, 0.12109, 1.0, 0.49243
0.949, 669.35242, 50.46797, 0.12109, 1.0, 0.49243
0.95, 669.39923, 50.11004, 0.11719, 1.0, 0.49243
0.951, 669.45264, 50.62137, 0.10059, 1.0, 0.49243
0.952, 669.50104, 50.57023, 0.06543, 1.0, 0.49243
0.953, 669.55066, 50.77476, 0.0498, 1.0, 0.49249
0.954, 669.60785, 51.03043, 0.0791, 1.0, 0.49243
0.955, 669.65216, 50.72363, 0.04883, 1.0, 0.49243
0.956, 669.70367, 50.8259, 0.06641, 1.0, 0.49249
0.957, 669.75269, 50.2123, 0.10547, 1.0, 0.49243
0.958, 669.80292, 50.2123, 0.12109, 1.0, 0.49249
0.959, 669.85382, 50.46797, 0.11816, 1.0, 0.49249
0.96, 669.90472, 50.5191, 0.1084, 1.0, 0.49249
0.961, 669.95532, 50.97929, 0.14258, 1.0, 0.49243
0.962, 670.02124, 50.57023, 0.06836, 1.0, 0.49243
0.963, 670.0769, 50.6725, 0.05469, 1.0, 0.49237
0.964, 670.11237, 50.62137, 0.08594, 1.0, 0.49249
0.965, 670.16705, 50.62137, 0.04688, 1.0, 0.49249
0.966, 670.21136, 50.77476, 0.05371, 1.0, 0.49249
0.967, 670.2644, 50.62137, 0.0957, 1.0, 0.49249
0.968, 670.31342, 50.57023, 0.1377, 1.0, 0.49243
0.969, 670.35992, 50.3657, 0.12109, 1.0, 0.49243
0.97, 670.41174, 50.26344, 0.10938, 1.0, 0.49249
0.971, 670.46112, 50.46797, 0.14355, 1.0, 0.49249
0.972, 670.51233, 50.5191, 0.08301, 1.0, 0.49249
0.973, 670.56317, 50.97929, 0.06055, 1.0, 0.49243
0.974, 670.62067, 51.13269, 0.06055, 1.0, 0.49249
0.975, 670.66748, 50.92816, 0.05371, 1.0, 0.49243
0.976, 670.7168, 50.87703, 0.06445, 1.0, 0.49243
0.977, 670.77209, 50.41684, 0.08008, 1.0, 0.49243
0.978, 670.81732, 50.5191, 0.14258, 1.0, 0.49249
0.979, 670.88586, 50.31457, 0.12109, 1.0, 0.49243
0.98, 670.92383, 50.62137, 0.11035, 1.0, 0.49249
0.981, 670.97351, 50.62137, 0.12207, 1.0, 0.49249
0.982, 671.02563, 50.97929, 0.0957, 1.0, 0.49249
0.983, 671.07245, 50.6725, 0.06445, 1.0, 0.49243
0.984, 671.12427, 50.57023, 0.05469, 1.0, 0.49249
0.985, 671.17139, 50.77476, 0.08594, 1.0, 0.49249
0.986, 671.22388, 50.62137, 0.04688, 1.0, 0.49249
0.987, 671.27447, 51.03043, 0.0625, 1.0, 0.49249
0.988, 671.32379, 50.92816, 0.10742, 1.0, 0.49243
0.989, 671.3753, 50.46797, 0.12695, 1.0, 0.49243
0.99, 671.43091, 50.5191, 0.12793, 1.0, 0.49249
0.991, 671.47644, 50.31457, 0.11133, 1.0, 0.49243
0.992, 671.52734, 50.72363, 0.14062, 1.0, 0.49237
0.993, 671.58514, 50.6725, 0.06543, 1.0, 0.49243
0.994, 671.62848, 51.23496, 0.05078, 1.0, 0.49237
0.995, 671.68854, 51.18383, 0.07617, 1.0, 0.49243
0.996, 671.75671, 50.92816, 0.04883, 1.0, 0.49243
0.997, 671.78467, 50.87703, 0.06543, 1.0, 0.49237
0.998, 671.84119, 50.46797, 0.09766, 1.0, 0.49243
0.999, 671.88641, 50.5191, 0.13184, 1.0, 0.49249
1.0, 671.93353, 50.31457, 0.11523, 1.0, 0.49243
1.001, 671.99103, 50.57023, 0.10449, 1.0, 0.49243
1.002, 672.04034, 50.97929, 0.14746, 1.0, 0.49243
1.003, 672.08496, 50.6725, 0.08496, 1.0, 0.49243
1.004, 672.13556, 50.8259, 0.06738, 1.0, 0.49249
1.005, 672.18646, 50.62137, 0.0625, 1.0, 0.49243
1.006, 672.23865, 51.03043, 0.05859, 1.0, 0.49243
1.007, 672.28857, 50.92816, 0.05078, 1.0, 0.49243
1.008, 672.33917, 50.87703, 0.06836, 1.0, 0.49243
1.009, 672.38971, 50.87703, 0.13965, 1.0, 0.49243
1.01, 672.44, 50.41684, 0.11426, 1.0, 0.49243
1.011, 672.4903, 50.31457, 0.12305, 1.0, 0.49243
1.012, 672.55371, 50.3657, 0.14062, 1.0, 0.49243
1.013, 672.60742, 50.72363, 0.08984, 1.0, 0.49249
1.014, 672.64575, 50.8259, 0.06641, 1.0, 0.49243
1.015, 672.69824, 51.08156, 0.05371, 1.0, 0.49243
1.016, 672.75763, 51.08156, 0.06348, 1.0, 0.49249
1.017, 672.79968, 50.92816, 0.05176, 1.0, 0.49243
1.0184, 672.85248, 50.87703, 0.06055, 1.0, 0.49243
1.019, 672.92914, 50.16117, 0.13867, 1.0, 0.49243
1.02, 672.94928, 50.05891, 0.12109, 1.0, 0.49243
1.021, 673.00269, 50.41684, 0.12988, 1.0, 0.49243
1.022, 673.0498, 50.5191, 0.10938, 1.0, 0.49243
1.023, 673.10034, 50.97929, 0.14453, 1.0, 0.49243
1.024, 673.15124, 50.46797, 0.08691, 1.0, 0.49249
1.025, 673.20843, 50.77476, 0.05762, 1.0, 0.49243
1.026, 673.25275, 50.8259, 0.0791, 1.0, 0.49243
1.027, 673.30365, 50.62137, 0.04688, 1.0, 0.49243
1.028, 673.35956, 51.03043, 0.05664, 1.0, 0.49237
1.029, 673.42145, 50.8259, 0.11426, 1.0, 0.49243
1.03, 673.46167, 50.62137, 0.13574, 1.0, 0.49237
1.031, 673.51221, 50.3657, 0.12402, 1.0, 0.49243
1.032, 673.56152, 50.31457, 0.10156, 1.0, 0.49237
1.033, 673.60712, 50.46797, 0.14551, 1.0, 0.49243
1.034, 673.66461, 50.57023, 0.07715, 1.0, 0.49249
1.035, 673.70923, 50.97929, 0.06348, 1.0, 0.49237
1.036, 673.75885, 50.92816, 0.06738, 1.0, 0.49243
1.037, 673.80945, 50.87703, 0.07031, 1.0, 0.49243
1.038, 673.86127, 50.87703, 0.05859, 1.0, 0.49243
1.039, 673.91028, 50.41684, 0.06934, 1.0, 0.49243
1.04, 673.96271, 50.31457, 0.14355, 1.0, 0.49237
1.041, 674.01111, 50.26344, 0.11621, 1.0, 0.49243
1.042, 674.06171, 50.46797, 0.11426, 1.0, 0.49243
1.043, 674.11261, 50.72363, 0.12598, 1.0, 0.49237
1.044, 674.16315, 50.8259, 0.1123, 1.0, 0.49237
1.045, 674.22284, 50.62137, 0.07422, 1.0, 0.49237
1.046, 674.29102, 50.57023, 0.06641, 1.0, 0.49237
1.047, 674.32025, 50.57023, 0.07031, 1.0, 0.49243
1.048, 674.37488, 50.62137, 0.04297, 1.0, 0.49243
1.049, 674.42328, 50.97929, 0.05762, 1.0, 0.49243
1.05, 674.46851, 50.6725, 0.11914, 1.0, 0.49243
1.051, 674.52228, 50.3657, 0.12695, 1.0, 0.49243
1.052, 674.56873, 50.05891, 0.13379, 1.0, 0.49243
1.053, 674.61804, 50.16117, 0.11523, 1.0, 0.49237
1.054, 674.67493, 50.46797, 0.13281, 1.0, 0.49243
1.055, 674.72113, 50.5191, 0.07422, 1.0, 0.49243
1.056, 674.77075, 50.97929, 0.05664, 1.0, 0.49243
1.057, 674.82165, 50.92816, 0.07617, 1.0, 0.49237
1.058, 674.87946, 50.8259, 0.05566, 1.0, 0.49237
1.059, 674.92218, 50.6725, 0.06445, 1.0, 0.49231
1.06, 674.97241, 50.16117, 0.08008, 1.0, 0.49237
1.061, 675.0227, 50.41684, 0.1416, 1.0, 0.49237
1.062, 675.09338, 50.2123, 0.12695, 1.0, 0.49243
1.063, 675.14331, 50.57023, 0.10352, 1.0, 0.49237
1.064, 675.17853, 50.72363, 0.14746, 1.0, 0.49243
1.065, 675.23285, 50.62137, 0.08984, 1.0, 0.49243
1.066, 675.28223, 50.57023, 0.07422, 1.0, 0.49237
1.067, 675.32898, 50.57023, 0.08105, 1.0, 0.49237
1.068, 675.38086, 50.57023, 0.05859, 1.0, 0.49237
1.069, 675.43048, 50.57023, 0.06055, 1.0, 0.49237
1.07, 675.48517, 50.77476, 0.06055, 1.0, 0.49243
1.071, 675.53009, 50.8259, 0.13672, 1.0, 0.49243
1.072, 675.5791, 50.2123, 0.125, 1.0, 0.49237
1.073, 675.62933, 50.41684, 0.125, 1.0, 0.49237
1.074, 675.67993, 50.11004, 0.125, 1.0, 0.49243
1.075, 675.73083, 50.41684, 0.11133, 1.0, 0.49237
1.076, 675.78265, 50.72363, 0.0625, 1.0, 0.49237
1.077, 675.83258, 50.8259, 0.05273, 1.0, 0.49237
1.078, 675.88318, 50.87703, 0.08203, 1.0, 0.49237
1.079, 675.94665, 50.6725, 0.05176, 1.0, 0.49243
1.08, 675.99188, 50.77476, 0.06152, 1.0, 0.49237
1.081, 676.0434, 50.3657, 0.12891, 1.0, 0.49237
1.082, 676.09119, 50.26344, 0.12891, 1.0, 0.49237
1.083, 676.13702, 50.26344, 0.125, 1.0, 0.49243
1.084, 676.19043, 50.6725, 0.10742, 1.0, 0.49243
1.085, 676.23853, 51.03043, 0.14648, 1.0, 0.49237
1.086, 676.28815, 50.72363, 0.08398, 1.0, 0.49237
1.087, 676.33875, 50.8259, 0.05469, 1.0, 0.49243
1.088, 676.38959, 50.62137, 0.07227, 1.0, 0.49237
1.089, 676.44177, 50.77476, 0.04102, 1.0, 0.49237
1.09, 676.49896, 50.8259, 0.05566, 1.0, 0.49243
1.091, 676.54199, 50.6725, 0.08008, 1.0, 0.49237
1.092, 676.59222, 50.77476, 0.13574, 1.0, 0.49237
1.093, 676.64282, 50.2123, 0.11621, 1.0, 0.49237
1.094, 676.6994, 50.46797, 0.10938, 1.0, 0.49237
1.095, 676.75024, 50.5191, 0.14551, 1.0, 0.49243
1.096, 676.8219, 50.8259, 0.06836, 1.0, 0.49243
1.097, 676.84955, 50.97929, 0.06445, 1.0, 0.49243
1.098, 676.90955, 50.97929, 0.06641, 1.0, 0.49243
1.099, 676.95288, 51.08156, 0.0625, 1.0, 0.49237
1.1, 676.99969, 50.72363, 0.06445, 1.0, 0.49237
1.101, 677.05377, 50.62137, 0.06934, 1.0, 0.49243
1.102, 677.099, 50.57023, 0.14355, 1.0, 0.49243
1.103, 677.1499, 50.3657, 0.12207, 1.0, 0.49243
1.104, 677.20172, 50.46797, 0.12305, 1.0, 0.49243
1.105, 677.25165, 50.72363, 0.12891, 1.0, 0.49243
1.106, 677.30255, 51.03043, 0.12109, 1.0, 0.49243
1.107, 677.35474, 50.72363, 0.06152, 1.0, 0.49243
1.108, 677.40436, 50.8259, 0.0498, 1.0, 0.49243
1.109, 677.45526, 51.08156, 0.0791, 1.0, 0.49237
1.11, 677.50647, 50.72363, 0.04395, 1.0, 0.49243
1.111, 677.56329, 51.03043, 0.05566, 1.0, 0.49243
1.112, 677.62396, 50.72363, 0.14746, 1.0, 0.49249
1.113, 677.67328, 50.46797, 0.11914, 1.0, 0.49237
1.114, 677.7113, 50.5191, 0.12598, 1.0, 0.49243
1.115, 677.76721, 50.57023, 0.11719, 1.0, 0.49237
1.116, 677.81274, 50.77476, 0.12695, 1.0, 0.49243
1.117, 677.86395, 50.62137, 0.06836, 1.0, 0.49237
1.118, 677.91675, 51.23496, 0.04688, 1.0, 0.49237
1.119, 677.97015, 51.18383, 0.07422, 1.0, 0.49237
1.12, 678.01477, 50.97929, 0.04102, 1.0, 0.49243
1.121, 678.06628, 50.87703, 0.05957, 1.0, 0.49243
1.122, 678.1156, 50.6725, 0.0918, 1.0, 0.49243
1.123, 678.16589, 50.3657, 0.13574, 1.0, 0.49237
1.124, 678.21802, 50.5191, 0.12305, 1.0, 0.49237
1.125, 678.26794, 50.77476, 0.11133, 1.0, 0.49243
1.126, 678.31885, 50.8259, 0.14062, 1.0, 0.49243
1.127, 678.37732, 50.87703, 0.08496, 1.0, 0.49243
1.128, 678.42035, 51.08156, 0.06152, 1.0, 0.49243
1.129, 678.48791, 50.77476, 0.0791, 1.0, 0.49243
1.13, 678.52875, 50.8259, 0.05273, 1.0, 0.49243
1.131, 678.58118, 50.87703, 0.06445, 1.0, 0.49243
1.132, 678.62799, 51.08156, 0.06836, 1.0, 0.49237
1.133, 678.67731, 50.92816, 0.14551, 1.0, 0.49243
1.134, 678.72888, 50.41684, 0.125, 1.0, 0.49237
1.135, 678.77692, 50.5191, 0.11426, 1.0, 0.49243
1.136, 678.8269, 50.5191, 0.12402, 1.0, 0.49243
1.137, 678.87775, 50.77476, 0.09863, 1.0, 0.49243
1.138, 678.92895, 50.8259, 0.06641, 1.0, 0.49249
1.139, 678.98804, 51.08156, 0.05078, 1.0, 0.49243
1.14, 679.03076, 51.13269, 0.08203, 1.0, 0.49243
1.141, 679.08197, 50.97929, 0.05176, 1.0, 0.49243
1.142, 679.13226, 50.87703, 0.06445, 1.0, 0.49243
1.143, 679.18249, 50.46797, 0.11719, 1.0, 0.49237
1.144, 679.23309, 50.31457, 0.11328, 1.0, 0.49249
1.145, 679.2915, 50.6725, 0.12402, 1.0, 0.49243
1.146, 679.36407, 50.87703, 0.14062, 1.0, 0.49243
1.147, 679.38953, 51.03043, 0.12793, 1.0, 0.49243
1.148, 679.44763, 50.72363, 0.07227, 1.0, 0.49249
1.149, 679.49353, 50.77476, 0.05664, 1.0, 0.49243
1.15, 679.53906, 50.62137, 0.0791, 1.0, 0.49237
1.151, 679.59277, 50.57023, 0.03906, 1.0, 0.49237
1.152, 679.64587, 50.97929, 0.05762, 1.0, 0.49243
1.153, 679.69019, 50.72363, 0.08691, 1.0, 0.49243
1.154, 679.74048, 50.62137, 0.14258, 1.0, 0.49243
1.155, 679.79828, 50.31457, 0.12695, 1.0, 0.49237
1.156, 679.84131, 50.26344, 0.10547, 1.0, 0.49243
1.157, 679.89185, 50.46797, 0.14648, 1.0, 0.49243
1.158, 679.94275, 50.5191, 0.08594, 1.0, 0.49243
1.159, 680.00024, 50.97929, 0.05859, 1.0, 0.49243
1.16, 680.04486, 50.92816, 0.06836, 1.0, 0.49237
1.161, 680.09546, 50.87703, 0.07129, 1.0, 0.49237
1.162, 680.16486, 50.62137, 0.06836, 1.0, 0.49243
1.163, 680.21863, 50.46797, 0.10352, 1.0, 0.49237
1.164, 680.24878, 50.3657, 0.14648, 1.0, 0.49237
1.165, 680.30939, 50.16117, 0.11621, 1.0, 0.49243
1.166, 680.34991, 50.41684, 0.10645, 1.0, 0.49237
1.167, 680.40613, 50.72363, 0.14551, 1.0, 0.49243
1.168, 680.45172, 50.8259, 0.10352, 1.0, 0.49243
1.169, 680.50104, 50.62137, 0.06641, 1.0, 0.49237
1.17, 680.55035, 50.57023, 0.05078, 1.0, 0.49249
1.171, 680.60095, 50.77476, 0.0791, 1.0, 0.49237
1.172, 680.65216, 50.62137, 0.0459, 1.0, 0.49243
1.173, 680.70398, 50.77476, 0.06934, 1.0, 0.49243
1.174, 680.75299, 50.62137, 0.12109, 1.0, 0.49237
1.175, 680.80322, 50.57023, 0.12012, 1.0, 0.49237
1.176, 680.85352, 50.11004, 0.13086, 1.0, 0.49237
1.177, 680.90411, 50.2123, 0.10645, 1.0, 0.49243
1.178, 680.95465, 50.41684, 0.12891, 1.0, 0.49237
1.179, 681.01593, 50.62137, 0.06445, 1.0, 0.49243
1.18, 681.06555, 50.97929, 0.05371, 1.0, 0.49237
1.181, 681.11395, 50.87703, 0.08008, 1.0, 0.49237
1.182, 681.17084, 50.8259, 0.0498, 1.0, 0.49243
1.183, 681.20978, 50.6725, 0.06934, 1.0, 0.49237
1.184, 681.2663, 50.3657, 0.10352, 1.0, 0.49237
1.185, 681.3103, 50.26344, 0.13184, 1.0, 0.49237
1.186, 681.35962, 50.26344, 0.10938, 1.0, 0.49237
1.187, 681.4118, 50.46797, 0.10059, 1.0, 0.49243
1.188, 681.46143, 50.97929, 0.14746, 1.0, 0.49237
1.189, 681.51202, 50.6725, 0.09766, 1.0, 0.49237
1.19, 681.56885, 50.57023, 0.06348, 1.0, 0.49237
1.191, 681.61316, 50.57023, 0.07324, 1.0, 0.49237
1.192, 681.67035, 50.57023, 0.05273, 1.0, 0.49237
1.193, 681.71497, 50.77476, 0.04883, 1.0, 0.49231
1.194, 681.7655, 50.8259, 0.06738, 1.0, 0.49237
1.195, 681.83087, 50.5191, 0.13672, 1.0, 0.49237
1.196, 681.89496, 50.46797, 0.12695, 1.0, 0.49237
1.197, 681.9292, 50.3657, 0.10352, 1.0, 0.49237
1.198, 681.9798, 50.26344, 0.13965, 1.0, 0.49237
1.199, 682.02405, 50.62137, 0.10156, 1.0, 0.49237
1.2, 682.07123, 50.57023, 0.06738, 1.0, 0.49231
1.201, 682.12366, 50.77476, 0.05957, 1.0, 0.49237
1.202, 682.17017, 51.03043, 0.08496, 1.0, 0.49237
1.203, 682.22736, 50.6725, 0.05371, 1.0, 0.49237
1.204, 682.2713, 50.62137, 0.06836, 1.0, 0.49237
1.205, 682.32159, 50.3657, 0.11621, 1.0, 0.49237
1.206, 682.37183, 50.26344, 0.12891, 1.0, 0.49231
1.207, 682.42273, 50.46797, 0.12793, 1.0, 0.49237
1.208, 682.47363, 50.5191, 0.10254, 1.0, 0.49231
1.209, 682.52423, 50.97929, 0.13184, 1.0, 0.49237
1.21, 682.57513, 50.46797, 0.08008, 1.0, 0.49237
1.211, 682.62567, 50.72363, 0.05859, 1.0, 0.49237
1.212, 682.69543, 50.6725, 0.08008, 1.0, 0.49237
1.213, 682.74255, 50.8259, 0.04883, 1.0, 0.49237
1.214, 682.78436, 50.8259, 0.06836, 1.0, 0.49237
1.215, 682.83618, 50.8259, 0.09375, 1.0, 0.49237
1.216, 682.88269, 50.62137, 0.13086, 1.0, 0.49243
1.217, 682.9317, 50.16117, 0.12109, 1.0, 0.49231
1.218, 682.9873, 50.46797, 0.10449, 1.0, 0.49243
1.219, 683.03064, 50.5191, 0.14062, 1.0, 0.49237
1.22, 683.08276, 50.5191, 0.08496, 1.0, 0.49237
1.221, 683.13245, 50.97929, 0.06152, 1.0, 0.49243
1.222, 683.18518, 50.92816, 0.07129, 1.0, 0.49237
1.223, 683.23456, 51.08156, 0.06543, 1.0, 0.49237
1.224, 683.29138, 50.72363, 0.0625, 1.0, 0.49243
1.225, 683.33569, 50.62137, 0.07324, 1.0, 0.49237
1.226, 683.38593, 50.57023, 0.1377, 1.0, 0.49237
1.227, 683.44281, 50.3657, 0.10254, 1.0, 0.49237
1.228, 683.48743, 50.72363, 0.1084, 1.0, 0.49237
1.229, 683.55243, 50.8259, 0.14258, 1.0, 0.49237
1.23, 683.6084, 50.77476, 0.0918, 1.0, 0.49243
1.231, 683.64893, 50.6725, 0.06445, 1.0, 0.49231
1.232, 683.69604, 50.8259, 0.05664, 1.0, 0.49237
1.233, 683.74438, 50.8259, 0.07227, 1.0, 0.49243
1.234, 683.79938, 50.87703, 0.05566, 1.0, 0.49237
1.235, 683.84497, 51.08156, 0.05664, 1.0, 0.49237
1.236, 683.89429, 50.72363, 0.11426, 1.0, 0.49237
1.237, 683.9458, 50.62137, 0.12402, 1.0, 0.49237
1.238, 684.00232, 50.3657, 0.12402, 1.0, 0.49237
1.239, 684.04572, 50.46797, 0.10645, 1.0, 0.49237
1.24, 684.09656, 50.72363, 0.12988, 1.0, 0.49237
